
secs:0.260544

secs:0.275008

secs:0.262688
