
secs:2046.635348

secs:3289.878617
