
secs:1.282082

secs:1.263794

secs:1.233683
