
secs:0.003351

secs:0.003509

secs:0.003325
