
 IT : 18.380863    MCT : 2.740256 PLT:0.272800  Total:21.393919.... 


 IT : 18.438368    MCT : 2.810528 PLT:0.270912  Total:21.519808.... 


 IT : 18.221216    MCT : 2.734592 PLT:0.271808  Total:21.227615.... 

