
 IT : 0.269184    MCT : 0.291040 PLT:0.072928  Total:0.633152.... 


 IT : 0.282944    MCT : 0.284736 PLT:0.086880  Total:0.654560.... 


 IT : 0.292320    MCT : 0.287744 PLT:0.075168  Total:0.655232.... 

