IT: 71.812607 MC: 8.355455 PLT: 2.169280 T:82.337341 .... 

IT: 74.023041 MC: 8.380287 PLT: 2.178016 T:84.581345 .... 

IT: 72.085854 MC: 8.354720 PLT: 2.175488 T:82.616058 .... 

