MC: 118.036285 PLT: 0.041216 
 MC: 117.985947 PLT: 0.033472 
 MC: 119.147644 PLT: 0.033824 
 