IT: 0.270112 MC: 0.298784 PLT: 0.017376 T:0.586272 .... 

IT: 0.284128 MC: 0.284864 PLT: 0.021760 T:0.590752 .... 

IT: 0.282592 MC: 0.284800 PLT: 0.020864 T:0.588256 .... 

