IT: 17.782593 MC: 2.043616 PLT: 1.117184 T:20.943394 .... 

IT: 18.100161 MC: 2.720448 PLT: 1.112736 T:21.933344 .... 

IT: 18.194016 MC: 2.722688 PLT: 1.116544 T:22.033247 .... 

