IT: 71.043427 MC: 5.502112 PLT: 0.022368 T:76.567909 .... 

IT: 73.445251 MC: 8.427904 PLT: 0.030720 T:81.903877 .... 

IT: 72.936066 MC: 8.463808 PLT: 0.028224 T:81.428101 .... 

