IT: 17.732351 MC: 1.940768 PLT: 0.019264 T:19.692383 .... 

IT: 18.409121 MC: 2.689664 PLT: 0.024448 T:21.123232 .... 

IT: 18.580544 MC: 2.693120 PLT: 0.023072 T:21.296736 .... 

